6305807.644253808
6184425.430490506
2362619.557049737
6061834.3282313915
2226388.1051599034
4601697.769043118
1.0181841357436385E7
2674439.7506590253
1.00370397425654E7
8600869.742243882
1.060237210663039E7
1.1233104092287984E7
7153722.107500403
3698773.7155776387
8.514639428560331E7
1842846.238419071
4485302.607416402
1.294288749768587E7
8624497.589165786
1571308.9749077414
6229096.955409046
4104342.461893157
3907130.0037347204
6902656.790913812
4757752.626192206
8670846.591040578
4059291.450926727
2242573.601282865
5057355.716855704
1.3182855627653364E7
