5.036851935718253E8
3.4516862508828914E8
3.3599822144236416E8
3.3599822144236416E8
3.165988641022329E8
2.9741900132580906E8
2.8700032616593343E8
2.7857617172832566E8
2.664939942500097E8
2.502871343776266E8
2.3990893449258536E8
2.3049909235282952E8
2.1904589453095767E8
2.0611312146181262E8
2.011411955588604E8
1.931932284097916E8
1.844631940594835E8
1.7840404200105053E8
1.661154110391713E8
1.5841341268919113E8
1.540971534927856E8
1.467709284426487E8
1.383015383377184E8
1.3218034693335365E8
1.2640293855238728E8
1.2026597945365527E8
1.1241394316629556E8
1.0777467811669087E8
1.0253274253608266E8
1.0002315478816396E8
9.561485303135045E7
9.234828983902845E7
8.791887724945427E7
8.451983665227914E7
7.89850232057678E7
7.614340764349465E7
7.28916337302293E7
6.975257187349743E7
6.6235160409280576E7
6.329197569736039E7
6.115224382293733E7
5.9348624071634E7
5.7622802022084706E7
5.599888535525056E7
5.35750041872329E7
5.1646522616665415E7
5.005758878308764E7
4.85345372429624E7
4.665271963260971E7
4.4166428969631895E7
4.19151346159646E7
4.010338969301232E7
3.857164089651913E7
3.725168987317802E7
3.6229271670196064E7
3.4875774805598356E7
3.365543707871658E7
3.239788870363523E7
3.1076045729319166E7
2.9105708845911548E7
2.8341315668111376E7
2.7244462708834052E7
2.597927193646995E7
2.541198513226476E7
2.4866302688117888E7
2.4251027889716793E7
2.3437582533854503E7
2.2972696660633862E7
2.195312465116619E7
2.139422581398189E7
2.103076610708863E7
2.0119568562576756E7
1.972549131789141E7
1.9077888718142904E7
1.8750463285463843E7
1.8328297004322566E7
1.7734146795979496E7
1.7060069366637822E7
1.6561589824363016E7
1.6022891452182347E7
1.5633702226434728E7
1.4802447222137067E7
1.4324795682111062E7
1.4066193423902124E7
1.3676868150316136E7
1.3217513809945583E7
1.2902426324442144E7
1.2380246345878862E7
1.206702491556369E7
1.1864870947217101E7
1.167067884949073E7
1.1230434399358626E7
1.0904513205548488E7
1.0527871301868696E7
1.0220240094524685E7
9777552.06576634
9637274.549974142
9523148.350689774
9280766.005855981
8855069.148940999
